0 0 0
0 0 0
0 0 0
0 0 0
0 0 0

50 60 90
40 50 110
2 3 5
8 5 8
6 4 8

100 300 300
300 200 200
8 4 1
8 4 3
9 7 5

50 50 100
40 90 70
2 5 3
4 3 2
5 1 2

-2 -7 1 0
1 -6 1 0
0 -4 1 1
-6 -8
3 4

2 -7 1 0
-2 -1 1 1
-5 4 0 1
-15 -5
3 4

2 -6 1 0
4 -5 1 0
-1 -1 1 1
-5 -10
3 4

-4 2 0 1
-1 -3 1 1
-2 3 0 1
-12 -6
3 4

21 20 0 0 1 0
2 1 1 0 0 0
2 5 0 1 0 0
1 0 0 0 1 0
0 1 0 0 0 1
1 2 3 4
0 0 14 30 6 5

2, 3, 4, 5

-2 -7 1 0
1 -6 1 0
0 -4 1 1
-6 -8
3 4

-4 -3 -7 0 0 max
-2 -1 -4 1 0 =
-2 -2 -2 0 1 =
-1 -1.5
0 >=
1 >=
2 >=
3 >=
4 >=

-1 2.5 1 0
6 5 0 1
4 10 2 1
30 40

-1 1 1 0
1 1 0 1
0 2 1 1
6 8

-2 -7 1 0
1 -6 1 0
0 -4 1 1
-6 -8

20 21 0 0 0 1
5 2 1 0 0 0
2 5 0 1 0 0
1 0 0 0 1 0
0 1 0 0 0 1
35 35 6 6
0 0 35 35 6 6

0 0 0.1 1.5

34 43 1 0 0 0
4 3 1 0 0 0
3 7 0 1 0 0
1 0 0 0 1 0
0 1 0 0 0 1
40 49 9 6
0 0 40 49 9 6

1 1 0 0 0
-1 1 1 0 0
1 0 0 1 0
0 1 0 0 1
1 3 2
0 0 1 3 2

34 43 1 0 0 0
4 3 1 0 0 0
3 7 0 1 0 0
1 0 0 0 1 0
0 1 0 0 0 1
40 49 9 6
0 0 40 49 9 6